1 material 
position        0       0       0
position        -9.4394178390503        -9.4502038955688        9
position        0       0       0
position        2.2962922230363e-07     3       2.5440203899052e-07
position        -3.9999997615814        2       -8.9326495071873e-06
position        1.0000002384186 -7.697664727857e-11     2.0265185867174e-06
position        4       2       9.4414554041578e-06
position        -0.99999976158142       -8.1275430829919e-11    -2.0265226794436e-06
position        9.4166816779762e-06     2       -3.9999997615814
position        -2.384186927884e-06     -7.6980199992249e-11    1.0000003576279
position        -8.9574241428636e-06    2       4.0000004768372
position        2.3841828351578e-06     -8.127365447308e-11     -0.99999964237213
position        3.0000071525574 2       -2.9999928474426
position        -0.70710229873657       -4.2426409721375        0.70710372924805
position        2.9999933242798 2       3.0000071525574
position        -0.70710802078247       -4.2426452636719        -0.70710647106171
position        -3.0000066757202        2       2.9999933242798
position        0.70710372924805        -4.2426404953003        -0.70710134506226
position        -2.9999928474426        2       -3.0000066757202
position        0.70710462331772        -4.242639541626 0.70710706710815
position        2.2962922230363e-07     -3      2.5440203899052e-07
position        2.2962922230363e-07     0       2.5440203899052e-07

+1 material
position        0       0       0
position        -9.4394178390503        -9.4502038955688        9
position        0       0       0
position        2.2962922230363e-07     3       2.5440203899052e-07
position        -3.9999997615814        2       -8.9326495071873e-06
position        1.0000002384186 -7.697664727857e-11     2.0265185867174e-06
position        4       2       9.4414554041578e-06
position        -0.99999976158142       -8.1275430829919e-11    -2.0265226794436e-06
position        9.4166816779762e-06     2       -3.9999997615814
position        -2.384186927884e-06     -7.6980199992249e-11    1.0000003576279
position        -8.9574241428636e-06    2       4.0000004768372
position        2.3841828351578e-06     -8.127365447308e-11     -0.99999964237213
position        3.0000071525574 2       -2.9999928474426
position        -0.70710229873657       -4.2426409721375        0.70710372924805
position        2.9999933242798 2       3.0000071525574
position        -0.70710802078247       -4.2426452636719        -0.70710647106171
position        -3.0000066757202        2       2.9999933242798
position        0.70710372924805        -4.2426404953003        -0.70710134506226
position        -2.9999928474426        2       -3.0000066757202
position        0.70710462331772        -4.242639541626 0.70710706710815
position        2.2962922230363e-07     -3      2.5440203899052e-07
position        2.2962922230363e-07     0       2.5440203899052e-07